# Fitted ML parameters for HEAs
2 Mo Re
228 1
119.863
541.635
78.066
1.02079
-2.01185
-24.2756
956.164
-1618.61
201.174
86.808
-2.90678
-18.3919
956.164
-1618.61
201.174
86.808
-2.90679
-18.3919
41.2636
-1241.85
92.8621
-17.3419
-12.9304
-15.9445
-4.49729
-3.66119
-0.0642104
8.83695
1.30998
-3.19564
0.989205
1.40901
9.0646
11.187
-3.21277
-1.90808
0.988871
1.40934
9.06455
11.187
-3.21278
-1.90808
-4.09249
0.390592
17.5358
16.9288
2.07973
0.379581
0
-305.564
-85.2334
-4.81716
1.65438
0.649603
0
219.791
40.4028
-3.65971
-2.36134
0.172534
0
219.792
40.4027
-3.65977
-2.36136
0.172601
0
-60.251
39.8112
5.48766
-1.54227
0.201479
-56.317
-234.772
34.1742
14.1814
3.08516
0.16161
627.966
181.646
-34.4712
-12.0299
0.684631
0.332232
627.966
181.646
-34.4711
-12.0299
0.684658
0.33214
283.802
129.111
22.7512
-7.61327
-0.347744
0.282166
0.147092
-0.155597
-2.26667
-0.0304525
-0.94481
0.158658
1.02383
-1.08153
-0.72967
-0.293873
-4.4227
-3.71015
-2.1723
-5.17901
-5.19081
-8.8206
-4.01854
0.577239
-0.309528
-0.353661
-0.359561
-0.269225
-0.271131
-0.228673
0.00317911
-0.0441365
-0.0803186
0.0177551
-0.033236
-0.0904718
-0.131979
-0.157231
-0.178436
-0.166923
-0.157558
-0.183259
-0.114163
0.408393
4.4686
0.120955
2.01166
-0.247029
-1.91838
2.0867
1.72411
0.665712
8.78438
7.44095
4.22441
9.97338
10.3662
16.6517
7.58592
-1.33986
-0.042347
-0.211725
-2.54437
-0.163331
-1.35282
0.0245143
1.07576
-1.11602
-1.26382
-0.364939
-5.20719
-4.40833
-2.26856
-5.61656
-6.34271
-9.1694
-4.19103
1.08522
0.10258
0.0374359
0.453146
0.142183
0.3687
0.135266
-0.180178
0.104076
0.33432
-0.0294943
0.913782
0.720173
0.195332
0.848795
1.2964
1.4923
0.700302
-0.381239
-0.0380717
-0.0160869
-0.044273
-0.0299882
-0.0455685
-0.0429023
0.0211609
0.0262972
-0.065208
0.0307963
-0.0592155
-0.0373214
0.0497273
-0.0156441
-0.141199
-0.108999
-0.050612
0.07461
144.207
-24.1297
12.9721
-7.97822
3.20849
-0.824356
55.667
61.5571
-36.0559
27.483
-18.2315
5.66917
-676.724
138.975
19.0573
-22.2974
18.0735
-0.600461
99.8339
56.7019
21.8732
9.87754
-15.8298
12.4812
-7.97072
